2007028957937
2007028983271
2007028977596
2007028972175
2007028984410
2007028979931
2007028975590
2007028973413
2007028958752
2007028988478
2007028970856
2007028981879
2007028960394
2007028967738
2007028968439
2007028969437
2007028983776
2007028966177
2007028954652
2007028991290
2007028989997
2007028942772
2007028985417
2007028967399
2007028978339
2007028987397
2007024876750
2007024875653
2007024861679
2007024860416
2007024867171
2007024864756
2007024867130
2007024863758
2007024862438
2007029078816
2007028995416
2007028994856
2007029077313
2007028996257
2007029082750
2007028992256
